new
32
36
39
42
45
48
51
54
56
57
58
59
59
59
59
58
56
55
52
50
47
44
41
37
34
30
27
23
20
17
14
12
9
8
6
5
5
5
5
6
7
8
10
13
16
19
22
25
28
32
36
39
42
45
48
51
54
56
57
58
59
59
59
59
58
56
55
52
50
47
44
41
37
34
30
27
23
20
17
14
12
9
8
6
5
5
5
5
new
6
7
8
10
13
16
19
22
25
28
32
36
39
42
45
48
51
54
56
57
58
59
59
59
59
58
56
55
52
50
47
44
41
37
34
30
27
23
20
17
14
12
9
8
6
5
5
5
5
6
7
8
10
13
16
19
22
25
28
32
36
39
42
45
48
51
54
56
57
58
59
59
59
59
58
56
55
52
50
47
44
41
37
34
30
27
23
20
17
14
12
9
8
6
5
5
5
5
new
6
7
8
11
13
16
19
22
25
28
32
36
39
42
45
48
51
54
56
57
58
59
59
59
59
58
56
55
52
50
47
44
41
37
34
30
27
23
20
17
14
12
9
8
6
5
5
5
5
6
7
8
11
13
16
19
22
25
28
32
36
39
42
45
48
51
54
56
57
58
59
59
59
59
58
56
55
52
50
47
44
41
37
34
30
27
23
20
17
14
12
9
8
6
5
5
5
5
new
6
7
8
11
13
16
19
22
25
28
32
36
39
42
45
48
51
54
56
57
58
59
59
59
59
58
56
55
52
50
47
44
41
37
34
30
27
23
20
17
14
12
9
8
6
5
5
5
5
6
7
8
10
13
16
19
22
25
28
32
36
39
42
45
48
51
54
56
57
58
59
59
59
59
58
56
55
52
50
47
44
41
37
34
30
27
23
20
17
14
12
9
8
6
5
5
5
5
new
6
7
8
10
13
16
19
22
25
28
32
36
39
42
45
48
51
53
56
57
58
59
59
59
59
58
56
55
52
50
47
44
41
37
34
30
27
23
20
17
14
12
9
8
6
5
5
5
5
6
7
8
10
13
16
19
22
25
28
32
36
39
42
45
48
51
53
56
57
58
59
59
59
59
58
56
55
52
50
47
44
41
37
34
30
27
23
20
17
14
12
9
8
6
5
5
5
5
new
6
7
8
10
13
16
19
22
25
28
32
36
39
42
45
48
51
53
56
57
58
59
59
59
59
58
56
55
52
50
47
44
41
37
34
30
27
23
20
17
14
12
9
8
6
5
5
5
5
6
7
8
10
13
16
19
22
25
28
32
36
39
42
45
48
51
53
56
57
58
59
59
59
59
58
56
55
52
50
47
44
41
37
34
30
27
23
20
17
14
12
9
8
6
5
5
5
5
new
6
7
8
10
13
16
18
22
